220001001
220001003
220001004
220001005
220001007
220001008
220001008
220001009
220001010
220001012
220001013
220001014
220001018
220001020
220001021
220001021
220001022
220001023
220001025
220001027
220001028
220001029
220001030
220001031
220001032
220001035
220001036
220001037
220001039
220001040
220001040
220001042
220001043
220001044
220001045
220001046
220001047
220001050
220001051
220001052
220001054
220001055
220001056
220001058
220001060
220001062
220001065
220001066
220001069
220001070
220001071
220001073
220001074
220001075
220001076
220001077
220001079
220001081